75 68 76 28 6 6
0 18 10 95 12 8
7 52 5 20 96 5
94 66 62 90 8 9
86 53 98 10 76 4
17 85 82 26 46 9
25 34 90 77 35 8
10 43 48 85 55 4
28 29 94 12 5 3
83 9 45 97 7 9
64 88 65 61 43 1
39 77 75 74 40 8
71 9 48 42 63 8
98 46 39 23 5 3
84 94 38 86 33 1
37 22 40 89 90 3
38 8 58 43 4 7
98 50 8 21 39 2
83 33 3 94 52 3
39 0 77 48 53 7
65 44 55 66 58 4
73 31 31 52 20 1
92 48 3 17 17 9
39 7 80 56 25 7
71 92 79 3 98 4
59 98 32 39 2 8
0 86 49 61 66 2
12 98 51 85 52 2
49 53 39 13 51 9
81 51 80 47 49 7
26 56 16 67 16 2
26 44 84 65 47 8
3 92 63 52 94 3
33 86 10 57 43 6
62 30 43 81 83 3
18 9 4 59 42 2
76 1 82 51 57 6
82 98 18 29 44 8
31 80 57 8 47 8
93 4 10 39 74 6
96 28 58 9 78 8
74 54 52 11 66 6
66 87 99 10 39 1
32 25 3 62 24 7
96 69 39 98 59 2
95 23 20 20 16 9
55 64 11 44 4 7
47 51 57 33 62 4
39 85 43 76 54 5
95 97 37 12 37 3
74 13 81 90 69 2
81 85 43 35 7 4
4 16 5 20 77 6
26 28 72 27 4 5
25 90 54 20 70 6
84 15 45 90 37 6
40 67 80 29 82 7
6 91 8 74 55 8
34 75 39 73 79 5
11 95 86 12 72 1
7 66 87 15 2 5
86 88 82 73 50 7
12 33 45 56 20 5
90 86 40 60 6 8
81 18 73 99 79 5
50 5 45 65 23 2
35 44 13 42 89 3
66 83 37 80 84 8
97 22 9 95 35 7
55 3 48 78 2 7
6 52 39 27 94 6
12 42 38 87 89 8
7 43 81 29 61 3
6 99 37 27 85 2
95 51 69 94 66 9
85 80 5 31 20 3
15 94 81 81 1 9
48 19 27 11 51 9
20 35 84 20 93 7
66 55 61 66 61 2
2 63 51 29 11 4
65 4 85 32 63 9
46 71 75 34 92 2
75 17 50 15 17 8
34 18 71 86 35 4
63 83 71 84 36 9
92 64 29 86 94 6
1 89 28 28 16 2
28 64 58 31 84 4
62 47 74 3 96 2
58 74 98 93 43 4
15 40 79 99 0 9
84 4 76 39 35 9
75 0 42 5 79 5
20 27 30 64 79 7
78 20 31 60 14 8
97 24 36 74 42 7
52 3 77 66 44 9
87 89 11 45 22 9
59 65 59 15 58 1
